-376|545.2822167468917
-716|508.45707514096284
-918|-750.0467494136996
-465|-905.334128487405
-148|-343.67282125729787
744|-865.3989887984557
791|-710.6118095615723
625|-40.550674334820314
-744|469.0577813204043
-291|6.889794198663367
-157|307.9754307149183
-308|-942.4323288745225
937|-364.5745069305983
812|386.3222230107058
134|778.6453536452746
145|117.43551361390496
41|677.000026867117
89|660.8409191745025
520|-698.6861808675367
174|180.88002428713412
803|12.064944753058285
-203|877.72735488783
199|-74.8449992570828
405|-39.40398224236378
351|-679.4504805459696
-589|-138.7350758112458
900|-511.5773017945682
809|-523.5088786748374
-959|-258.7399237700672
513|-494.3132381719879
519|-671.8070918310818
639|377.07945789893347
848|-329.25372929695686
-982|-48.80930551551148
231|863.857755303852
78|-309.54088246010247
484|-429.33242008658976
-588|132.74957768978834
-248|-429.72969003063224
403|-284.98516965045997
-142|-613.6248704422702
165|759.4565071012096
-482|898.7165705374168
158|875.3889246423587
265|-200.6539926680275
-234|575.0704401123758
-996|-639.0900387531668
101|417.9868932475904
-160|498.4551769444356
366|-741.811035581494
